select ba.type as actor_type,
		bb.id,
		bbi.creation_time,
       ba.external_id as actor_external_id,
       bbi.description as description,
       bbi.currency as currency,
       bbi.amount / 100 as amount,
       bbi.tax / 100 as tax_amount,
       bbi.type as type,
       bbi.source_type,
       bbi.source_id
       -- boi.dispatching_time
from bls_bill_items bbi
    join bls_bills bb on bbi.bill_id = bb.id
    join bls_actors ba on bb.actor_id = ba.id
    -- join bls_orders_information boi on boi.order_id = bbi.source_id -- and bbi.source_type = 'ORDER'
where ba.type in ('PARTNER', 'CONSOLIDATED_PARTNER')
-- and bbi.bill_item_import_id is null
and ba.external_id in(100824595996,100824625232,100824681561,100824533201,100824550812,100824591336,100824524667,100824546869,100824643349,100824560726,100824690396,100824643013,100824488565,100824509474,100824684799,100824519688,100824619664,100824563873,100824609189,100824690448,100824578609,100824614778,100824577402,100824679669,100824647541,100824484334,100824532933,100824630719,100820163460,100824490968,100824603577,100824683402,100824623342,100824666212,100824589005,100824680842,100824520661,100824481350,100824600325,100824626058,100824586675,100820042044,100824481018,100815480719,100824507529,100824649248,100824627588,100824659080,100824632925,100824634093,100824597510,100824684030,100824527216,100824600571,100824607461,100824612429,100824559472,100824661429,100824532679,100824497763,100824493349,100824502994,100824650802,100824564225,100824654170,100824658356,100824509565,100824517127,100824480894,100824559445,100824531612,100824522832,100824529782,100824521462,100824522929,100824518865,100824643949,100824683758,100824674397,100824638147,100824551567,100824534524,100824584374,100824521746,100824509048,100824586788,100824626403,100824567772,100824551953,100824477363,100824680931,100824549362,100824501330,100824630918,100824495450,100824673982,100824605948,100824658397,100824579931,100824666337,100824663009,100824576815,100824581800,100824574366,100824633009,100824651015,100824581330,100824629877,100824557453,100824674228,100824554067,100824656692,100824605567,100824647573,100824531636,100824511689,100824651256,100824488900,100824675818,100824609368,100824527194,100824636046,100824496898,100824606738,100824612850,100824505682,100824550139,100824591761,100824672895,100824555899,100824607850,100824638145,100824591303,100824502108,100824609250,100824646746,100824531910,100824688763,100824674197,100824576458,100824674675,100824678585,100824486237,100824589336,100824594257,100824540563,100824643214,100824648397,100824530370,100824649888,100824601389,100824509351,100824589224,100824613456,100824671356,100824540993,100824570681,100824521652,100824579512,100824662368,100824552876,100824492593,100824495643,100824654786,100824652114,100824568977,100824584815,100824674079,100824553490,100824682806,100824608533,100824521190,100824533223,100824606045,100824623354,100824647682,100824614229,100824677742,100824604115,100824486770,100824497210,100824648175,100824509043,100824611323,100824510528,100824532661,100824522585,100824599233,100824541854,100824507476,100824640556,100824640655,100824541761,100824664627,100824586694,100824620058,100824530288,100824599955,100824622123,100824683678,100824507735,100824481180,100824502818,100824608986,100824683908,100824645254,100824532649,100824495830,100824673585,100824679083,100824656988,100824668731,100824500126,100824687458,100824552671,100824668757,100824618863,100824606498,100824572094,100824610641,100824663393,100824628754,100824684964,100824689744,100824616090,100824615178,100824666546,100824590719,100824599164,100824548709,100824548116,100824525574,100824561261,100824624197,100824537096,100824660746,100824634404,100824615736,100824653472,100824653985,100824667335,100824645867,100824578636,100824587021,100824490114,100824634181,100824587207,100824524912,100824666871,100824542294,100824678050,100824648240,100824478359,100824639554,100824647724,100824487479,100824629558,100824495679,100824590021,100824685737,100824562481,100824598696,100824588453,100824661782,100824586939,100824635450,100824616355,100824647832,100824645209,100824636331,100824589209,100824555348,100824584019,100824476348,100824551012,100824578503,100824505948,100824541091,100824598167,100824647063,100824646778,100824590560,100824591569,100824564386,100824608067,100824485475,100824604491,100824518581,100824553744,100824533753,100824487159,100824653485,100824498211,100824672046,100824630473,100824572120,100824677106,100824620114,100824582109,100824507886,100824522123,100824626540,100824550226,100824559271,100824518309,100824557374,100824587119,100824574024,100824587823,100824618272,100824617143,100824606338,100824635320,100824502864,100824613246,100824609208,100824593206,100824514207,100824517571,100824519979,100824511466,100824595636,100824523314,100824535051,100824658586,100824685587,100824558870,100824545597,100824528237,100824577170,100824478696,100824620714,100824555766,100824645408,100824498742,100824656897,100824569667,100824542387,100824628268,100824647582,100824538772,100824559461,100824599255,100824499706,100824603236,100824589487,100824515871,100824690741,100824653098,100824673082,100824599688,100824658799,100824620539,100824550779,100824548430,100824533864,100824577184,100824626436,100824630208,100824528245,100824592515,100824604667,100824498663,100824539944,100824615392,100824649679,100824676908,100824609415,100824684173,100824519968,100824563201,100824524389,100824645302,100824675882,100824680805,100824652574,100824666965,100824598828,100824585646,100824523516,100824501036,100824654947,100824514466,100817995736,100824551969,100824655036,100824572910,100824594118,100824501022,100824634414,100815084161,100824624568,100824496797,100824617935,100824480334,100824564627,100824562609,100824594613,100824484095,100824544739,100824587688,100824561851,100824569276,100824675341,100824557250,100824547924,100824499114,100824610484,100824568692,100824646574,100824652203,100824492627,100824650287,100824487587,100824546120,100824584526,100824483193,100824604803,100824645934,100824556832,100824526655,100824595199,100824572460,100824628303,100824690261,100824539825,100824496901,100824672445,100824521730,100824606722,100824570260,100824520187,100824535473,100824615419,100824631593,100824601741,100824517316,100824612994,100824666108,100824667617,100824608591,100824572521,100824577306,100824558817,100824487441,100824584134,100824539935,100824627970,100824688332,100824496286,100824490872,100824483299,100824592779,100824539891,100824546868,100824510484,100824680634,100824535573,100824497265,100824637659,100824576633,100824623104,100824661326,100824477133,100824652734,100824484069,100824553508,100824582553,100824552048,100824504424,100824510098,100814271974,100824566094,100824495805,100824685863,100824596539,100824585129,100824665791,100824496052,100824580966,100824620077,100816284761,100824516562,100824615544,100824597502,100824525280,100824613514,100824632981,100824628468,100824579280,100824628552,100824518282,100824493088,100824612156,100824482906,100824515098,100824588460,100824615915,100824682340,100824665828,100824680241,100824529787,100814890850,100824685164,100824622693,100824614186,100824657876,100824578531,100824621973,100824535188,100824513822,100818238437,100824513077,100824659519,100824587011,100824589440,100824613326,100824554851,100824644923,100824595016,100824658190,100824644342,100824627969,100824480221,100824540237,100824615354,100824660825,100824518877,100824601825,100824561598,100824501405,100824623614,100824561505,100824577742,100824506358,100824511749,100824637417,100824687841,100824628455,100824600711,100824534188,100824582625,100824601599,100824557326,100824672499,100824623515,100824590359,100824560704,100824603373,100824679085,100824635398,100824666900,100824624694,100824496876,100824549949,100824568156,100824491146,100824512886,100824505172,100824475831,100824533171,100824495008,100824671181,100824635357,100824622262,100824574129,100824566831,100824524776,100824550678,100824482913,100824591380,100824661150,100824475765,100824548704,100824544236,100824641560,100824587271,100824605292,100824478646,100824483629,100824593060,100824603106,100824494556,100824667856,100824514306,100824684402,100824593260,100824667152,100824564004,100824480844,100824519696,100812166682,100824520874,100824491057,100824642952,100824650347,100824542637,100824609847,100824499194,100824535886,100824682152,100813882276,100824687074,100824652434,100824645632,100824542302,100824537293,100824597647,100824485920,100824513188,100824563513,100824587735,100824598076,100824678074,100824599746,100824581204,100824482036,100824602195,100824592024,100824619651,100824539798,100824512330,100824584560,100824613860,100824673998,100824661180,100824645263,100824480668,100824620332,100824662993,100824679337,100824485470,100824603716,100824686942,100824561399,100824671033,100824683462,100824650782,100824647750,100824538274,100824654356,100824648727,100824494374,100824482805,100824485433,100824477824,100824565661,100824625494,100824620344,100824555452,100824649757,100824525523,100824635209,100824538790,100824521926,100824573506,100824655291,100824626819,100824546452,100824560598,100824536820,100824562604,100824643182,100824611003,100824481949,100824678588,100824526397,100824613102,100824481654,100824626905,100824595920,100824613561,100824532466,100824580679,100824525282,100824647137,100824505321,100824639779,100812244272,100824635292,100824610202,100824603409,100824522166,100824486885,100824621860,100824546698,100824592937,100824638911,100824547986,100824582511,100824560957,100810307072,100810307238,100810308513,100810330823,100810306924,100810321538,100810341569,100810306713,100810308140,100810307593,100810351110)
-- and bbi.source_id in (509537057,509540460,509540745,509540344,509540795,509543085,509542944,509207779,510770501,510766032,510771118,510772025,509541220,510762771,510769136,509541356,510762706,510768194,510772435,510771756,510777198,510774696,510761157,510765420,509543765,510761933,510777715,510762497,510771182,510768305,510771199,510761909,510762566,510760310,510771902,510773839,510777830,510769412,510775767)
-- and bbi.bill_id in (169266831)
-- and date(bbi.creation_time) BETWEEN '2023-03-01' and '2023-03-15' 
