select ba.type as actor_type,
		bb.id as bill_id,
--		bbi.creation_time,
       ba.external_id as actor_external_id,
       bbi.description as description,
       bbi.currency as currency,
       bbi.amount / 100 * -1 as amount,
       bbi.tax / 100 * -1 as tax_amount,
       bbi.type as type,
       bbi.source_type,
       bbi.source_id
       -- boi.dispatching_time
from bls_bill_items bbi
    join bls_bills bb on bbi.bill_id = bb.id
    join bls_actors ba on bb.actor_id = ba.id
    -- join bls_orders_information boi on boi.order_id = bbi.source_id -- and bbi.source_type = 'ORDER'query
where ba.type in ('PARTNER', 'CONSOLIDATED_PARTNER')
and bbi.type not in ('COST_PER_ORDER_ASSUMED' , 'GLOVO_BALANCE_DISCOUNT')
-- and bbi.bill_item_import_id is null
-- and ba.external_id in (165447)
and bbi.source_id in(100719848804,100711148782,100708782074,100717474847,100719726426,100717875834,100714770781,100709855034,100712814672,100718870400,100715335352,100706242043,100720095080,100718748905,100706567206,100706300885,100709414659,100706299350,100710579873,100707693690,100719606829,100712843229,100711107694,100713889121,100714408448,100720161840,100707149012,100706266649,100712851067,100706664513,100706664796,100706324216,100716258358,100718561597,100706649036,100717342392,100718599490,100714132476,100717362920,100716289583,100706531649,100717549983,100717587207,100718590709,100707729270,100718420976,100717392662,100717282009,100714820483,100717277579,100717467853,100718454033,100718872240,100718582837,100718611854,100718496774,100705525249,100706512174,100706742926,100704674690,100720036817,100705972323,100717627882,100717247488,100707749480,100708253375,100711263973,100717754214,100705620948,100715340218,100710764641,100705651549,100710872826,100717267791,100712885160,100720069089,100717547792,100720061361,100706413764,100715501923,100717801462,100704661901,100716227741,100705316696,100712988004,100717667836,100718950705,100716439089,100710163017,100712852993,100710885911,100710862616,100706771380,100717610666,100717613195,100704661576,100717826927,100717831343,100709354023,100715472883,100713015353,100712347948,100711870880,100717471613,100715490502,100719924533,100715933767,100710599888,100714616685,100706122563,100716094220,100713978527,100708186170,100718803694,100712834223,100717557459,100710927681,100706595556,100717466743,100710544318,100717840849,100711048368,100710544228,100717647899,100710924651,100715356819,100717424722,100717341332,100720091885,100705150821,100712668416,100705349921,100715156005,100717420027,100716213444,100705396695,100708607100,100720191850,100713021614,100704660778,100712282066,100720226807,100718397485,100713350993,100710612149,100717831317,100720066382,100715488344,100713021873,100718957044,100716242826,100710897138,100710893658,100720180143,100719948408,100710495235,100717672488,100717144870,100708816649,100716234475,100716421605,100708651995,100714726025,100717171626,100711467416,100713701235,100712917055,100708702645,100708747887,100715196949,100716604628,100715209703,100715273114,100715194276,100715254122,100716573725,100710654741,100716896306,100711540666,100710131994,100711538686,100719270013,100716477373,100707249683,100719582798,100710896905,100706739188,100717651098,100706739701,100713639383,100708558481,100707326081,100707386324,100706103407,100708696041,100714966816,100705508995,100720180080,100717837393,100719869822,100715174734,100709390275,100706663593,100711295739,100712906531,100711301905,100706656345,100706662512,100717116553,100717174413,100719935124,100708170081,100708480639,100709978110,100709941264,100707464404,100708561243,100712921802,100712248996,100705934679,100720136514,100710371874,100705731439,100707219241,100715931532,100704684281,100719052938,100711693042,100716196677,100708290949,100717503943,100708843258,100715253860,100717662276,100713598000,100705490427,100714091765,100715214602,100720229843,100715351245,100704656469,100704669466,100715062254,100718350127,100717672377,100715255211,100715087393,100709477655,100717262454,100706998943,100706705616,100710842375,100706646325,100717481976,100706976706,100709454051,100720000305,100705441670,100706702142,100710740212,100715366217,100718997228,100720168872,100710588118,100714855409,100715319618,100717543781,100710580635,100708424804,100710762339,100710530310,100717621359,100704658016,100708525755,100714732153,100710418157,100717796428,100706139797,100714973139,100715425765,100710887295,100720171248,100710466400,100715368319,100715103078,100715410898,100710594533,100710520139,100719548987,100715303421,100704810864,100715478748,100718728904,100708525299,100710492804,100711469799,100713328428,100706648330,100710914231,100706734259,100708607771,100711626370,100710488411,100708547431,100708650784,100718445435,100710596500,100718627449,100710483762,100708617192,100710643403,100704655179,100719582523,100714975580,100710409569,100710643746,100719858843,100720061282,100710615125,100713049290,100710497305,100715504097,100708798084,100717779654,100712785425,100710543829,100715247771,100711991903,100719946888,100718597364,100712077508,100709576084,100712923927,100712644840,100706683279,100717687673,100710857196,100714294446,100708796409,100715442925,100710589979,100710403100,100719798582,100710540660,100710628333,100710557203,100710628863,100708241546,100710439126,100718495609,100704656836,100715745042,100712759983,100710418638,100719219828,100710456838,100707981462,100717731917,100704670054,100714245063,100719583695,100708856871,100717746485,100710512154,100712732570,100715375341,100708687958,100708867084,100715450230,100710516160,100709332531,100710641486,100708828739,100715726519,100713313240,100717308508,100708564296,100717742097,100707485977,100714354939,100717745813,100717627961,100720173378,100713976500,100705638825,100706771159,100710472944,100718374159,100706809356,100712945874,100710800676,100717271350,100704669027,100710359031,100710615802,100717280203,100719609860,100710746305,100709205951,100716691440,100716694479,100715218485,100715229645,100715222584,100716725236,100716759960,100716690201,100715237858,100716695726,100715237060,100709624960,100705690145,100720132708,100717720291,100711228764,100710545882,100706443851,100706488168,100719478240,100715200121,100708580147,100711721095,100710439430,100715330402,100705300068,100708992456,100709024859,100709175041,100720140966,100706180623,100712473365,100719474811,100712866538,100712852361,100706660945,100717643737,100708557959,100714817794,100708460682,100708531688,100712096217,100717600785,100716186463,100711464294,100707390936,100719963291,100719985295,100717631339,100713229763,100710161693,100707725268,100704922046,100713725156,100715916190,100720138539,100713757159,100710761766,100718648365,100707360972,100706759196,100713753303,100713753254,100705820879,100713685805,100717336443,100707750699,100711416922,100716716552,100713742396,100711950195,100717915263,100710444255,100708356987,100708443757,100713721695,100717504972,100713626586,100719967514,100705753201,100713180391,100713732836,100709564647,100710245058,100720026513,100717876501,100713730538,100713754385,100713752374,100714182710,100713727428,100718195613,100720249318,100709581768,100718752285,100705511900,100710791492,100714244443,100705564197,100712467652,100718211836,100719701839,100717621992,100717695173,100705407678,100705632442,100710254363,100716004400,100711207665,100717689504,100708259881,100710215287,100715224457,100717620328,100714879458,100710041550,100705626196,100706301774,100708583017,100717367282,100706831602,100708664873,100717488256,100708703008,100713792033,100717242615,100706783297,100706461142,100719021826,100706289836,100713510939,100710747729,100708570945,100710579794,100710875106,100708772835,100706734843,100710869744,100709549965,100704659597,100708636697,100719983591,100719994275,100719869667,100718796227,100706540205,100706607746,100713819962,100717444138,100705790558,100715185510,100717777688,100719994991)
-- and bbi.bill_id in (346565695)
-- and date(bbi.creation_time) BETWEEN '2023-02-05' and '2023-02-06'
